763081 4
870212 4
604527 4
1175046 4
1106196 4
927386 4
842089 4
476830 4
915677 4
993672 4
867573 4
570297 1
520273 1
713319 2
430523 4
449902 4
644445 4
1093224 4
1033781 4
905694 4
513775 4
999359 4
489881 2
643529 4
667541 4
1274074 4
733900 3
0 3
807368 4
578269 3
1048048 4
447026 3
667721 3
865164 3
1606315 3
715920 4
949214 3
564658 4
790620 4
744516 3
564921 4
995968 4
605930 4
105040 4
1077009 4
3 1175046 4
4 1106196 4
30 1048048 4
18 1033781 4
21 999359 4
41 995968 4
9 993672 4
36 949214 3
30 938604 4
18 933541 4
