1013305 4
1133024 4
612218 4
1175046 4
1106196 4
1021697 4
1437713 4
589224 4
915677 4
993672 4
1008077 4
570297 1
670298 4
917365 4
636402 3
619661 4
1215583 4
1093224 4
1033781 4
905694 4
560455 4
999359 4
745216 4
677610 4
980323 4
1274074 4
733900 3
0 3
867797 4
883796 4
1048048 4
447026 3
670395 4
1112029 4
1726430 4
1063327 4
949214 3
896266 4
906648 4
928244 4
564921 4
995968 4
605930 4
214420 4
1137090 4
6 1437713 4
16 1215583 4
3 1175046 4
1 1133024 4
33 1112029 4
4 1106196 4
4 1101726 4
35 1063327 4
30 1048048 4
18 1033781 4
